10 0.2399038165223841 0.4270802588674153 -0.599805153236168
5 0.2399038165223841 0.4270802588674153 -0.599805153236168
0.5 0.2399038165223841 0.4270802588674153 -0.599805153236168
10 -0.7774403105021972 0.4473764335080154 0.3642251682255294
5 -0.7774403105021972 0.4473764335080154 0.3642251682255294
0.5 -0.7774403105021972 0.4473764335080154 0.3642251682255294
10 0.07763676781707479 -0.3248946068765594 0.5003634991907351
5 0.07763676781707479 -0.3248946068765594 0.5003634991907351
0.5 0.07763676781707479 -0.3248946068765594 0.5003634991907351
10 -0.2421160059256865 -0.3063777006870316 -0.5782972459259137
5 -0.2421160059256865 -0.3063777006870316 -0.5782972459259137
0.5 -0.2421160059256865 -0.3063777006870316 -0.5782972459259137
10 -0.5918782215030707 -0.12938065927506176 0.3327306278587208
5 -0.5918782215030707 -0.12938065927506176 0.3327306278587208
0.5 -0.5918782215030707 -0.12938065927506176 0.3327306278587208
10 -0.6126609953679176 -0.012949360069822119 -0.7706937741392703
5 -0.6126609953679176 -0.012949360069822119 -0.7706937741392703
0.5 -0.6126609953679176 -0.012949360069822119 -0.7706937741392703
10 -0.4402145149543571 0.1854281721404132 0.4521306913359062
5 -0.4402145149543571 0.1854281721404132 0.4521306913359062
0.5 -0.4402145149543571 0.1854281721404132 0.4521306913359062
10 -0.04981297261487739 0.5041197045181225 -0.036429453111969566
5 -0.04981297261487739 0.5041197045181225 -0.036429453111969566
0.5 -0.04981297261487739 0.5041197045181225 -0.036429453111969566
10 0.04836052335388556 0.22079825137920106 0.5802888799070769
5 0.04836052335388556 0.22079825137920106 0.5802888799070769
0.5 0.04836052335388556 0.22079825137920106 0.5802888799070769
10 0.3465973250527948 -0.6504124438221868 -0.6410279011059338
5 0.3465973250527948 -0.6504124438221868 -0.6410279011059338
0.5 0.3465973250527948 -0.6504124438221868 -0.6410279011059338
10 0.1397131943379572 -0.6569673567013106 -0.22530999248674474
5 0.1397131943379572 -0.6569673567013106 -0.22530999248674474
0.5 0.1397131943379572 -0.6569673567013106 -0.22530999248674474
10 0.3355926116730981 -0.691408360148463 -0.1288836518422536
5 0.3355926116730981 -0.691408360148463 -0.1288836518422536
0.5 0.3355926116730981 -0.691408360148463 -0.1288836518422536
10 -0.5013403305615929 0.4890364935968496 -0.25042427981144466
5 -0.5013403305615929 0.4890364935968496 -0.25042427981144466
0.5 -0.5013403305615929 0.4890364935968496 -0.25042427981144466
10 -0.41160019107226753 0.5356728559056186 -0.3454365680311067
5 -0.41160019107226753 0.5356728559056186 -0.3454365680311067
0.5 -0.41160019107226753 0.5356728559056186 -0.3454365680311067
10 -0.11502230688931951 -0.07132353315177002 0.8802657742433486
5 -0.11502230688931951 -0.07132353315177002 0.8802657742433486
0.5 -0.11502230688931951 -0.07132353315177002 0.8802657742433486
10 -0.057633084674041345 -0.47308439141249237 -0.7223202191205622
5 -0.057633084674041345 -0.47308439141249237 -0.7223202191205622
0.5 -0.057633084674041345 -0.47308439141249237 -0.7223202191205622
10 -0.6614224677844253 0.32285877108824435 -0.5070282960347292
5 -0.6614224677844253 0.32285877108824435 -0.5070282960347292
0.5 -0.6614224677844253 0.32285877108824435 -0.5070282960347292
10 0.023033358501202413 -0.7444751446171534 -0.5901345397060006
5 0.023033358501202413 -0.7444751446171534 -0.5901345397060006
0.5 0.023033358501202413 -0.7444751446171534 -0.5901345397060006
10 0.0010290855301994728 0.726552496728614 0.4757838650354969
5 0.0010290855301994728 0.726552496728614 0.4757838650354969
0.5 0.0010290855301994728 0.726552496728614 0.4757838650354969
10 0.13544300029832157 -0.7518102435385879 0.3503791354006538
5 0.13544300029832157 -0.7518102435385879 0.3503791354006538
0.5 0.13544300029832157 -0.7518102435385879 0.3503791354006538
10 -0.29125136924132905 0.08639173237767009 0.43195248573512324
5 -0.29125136924132905 0.08639173237767009 0.43195248573512324
0.5 -0.29125136924132905 0.08639173237767009 0.43195248573512324
10 0.46758875392538907 -0.3520494731643936 0.1129995900621767
5 0.46758875392538907 -0.3520494731643936 0.1129995900621767
0.5 0.46758875392538907 -0.3520494731643936 0.1129995900621767
10 0.010883988134149794 -0.6411805683362651 0.024739422086669165
5 0.010883988134149794 -0.6411805683362651 0.024739422086669165
0.5 0.010883988134149794 -0.6411805683362651 0.024739422086669165
10 0.13926726012371482 0.7955613320965536 0.298677002224945
5 0.13926726012371482 0.7955613320965536 0.298677002224945
0.5 0.13926726012371482 0.7955613320965536 0.298677002224945
10 0.5414151231945278 -0.7924759913836454 -0.14681762840017037
5 0.5414151231945278 -0.7924759913836454 -0.14681762840017037
0.5 0.5414151231945278 -0.7924759913836454 -0.14681762840017037
10 -0.35084638130783874 -0.3276522973873317 -0.433578085519208
5 -0.35084638130783874 -0.3276522973873317 -0.433578085519208
0.5 -0.35084638130783874 -0.3276522973873317 -0.433578085519208
10 -0.884070686365607 -0.18895712455726155 -0.2041575820621058
5 -0.884070686365607 -0.18895712455726155 -0.2041575820621058
0.5 -0.884070686365607 -0.18895712455726155 -0.2041575820621058
10 -0.43582828350565334 0.2652189312320934 -0.304023138222705
5 -0.43582828350565334 0.2652189312320934 -0.304023138222705
0.5 -0.43582828350565334 0.2652189312320934 -0.304023138222705
10 -0.1554003534281173 -0.14781105193619692 -0.8462575388323688
5 -0.1554003534281173 -0.14781105193619692 -0.8462575388323688
0.5 -0.1554003534281173 -0.14781105193619692 -0.8462575388323688
10 -0.6079481359271627 0.2909230051510078 -0.49085355563790684
5 -0.6079481359271627 0.2909230051510078 -0.49085355563790684
0.5 -0.6079481359271627 0.2909230051510078 -0.49085355563790684
10 0.7990411415477829 -0.3243769970666119 0.3833125365297389
5 0.7990411415477829 -0.3243769970666119 0.3833125365297389
0.5 0.7990411415477829 -0.3243769970666119 0.3833125365297389
10 0.17676749188420587 0.8146788379084392 -0.26055137881361645
5 0.17676749188420587 0.8146788379084392 -0.26055137881361645
0.5 0.17676749188420587 0.8146788379084392 -0.26055137881361645
10 0.9469820578617695 -0.2028883425586101 0.011731469215051447
5 0.9469820578617695 -0.2028883425586101 0.011731469215051447
0.5 0.9469820578617695 -0.2028883425586101 0.011731469215051447
10 0.0826739997503796 -0.8554397286427554 -0.3531020073309069
5 0.0826739997503796 -0.8554397286427554 -0.3531020073309069
0.5 0.0826739997503796 -0.8554397286427554 -0.3531020073309069
10 0.5475919711889972 0.5842846938329048 0.4408404188600988
5 0.5475919711889972 0.5842846938329048 0.4408404188600988
0.5 0.5475919711889972 0.5842846938329048 0.4408404188600988
10 0.2847319532150595 -0.8264824204147222 0.43709333546183715
5 0.2847319532150595 -0.8264824204147222 0.43709333546183715
0.5 0.2847319532150595 -0.8264824204147222 0.43709333546183715
10 0.5203926275733933 0.46231349619235457 0.5548104655038357
5 0.5203926275733933 0.46231349619235457 0.5548104655038357
0.5 0.5203926275733933 0.46231349619235457 0.5548104655038357
10 0.6040494603510531 0.6815506692586328 -0.2583481165278841
5 0.6040494603510531 0.6815506692586328 -0.2583481165278841
0.5 0.6040494603510531 0.6815506692586328 -0.2583481165278841
10 -0.0010313574789617725 -0.7594584902014226 0.276292809744687
5 -0.0010313574789617725 -0.7594584902014226 0.276292809744687
0.5 -0.0010313574789617725 -0.7594584902014226 0.276292809744687
10 -0.336981768756721 0.818805047358167 0.10017537019040859
5 -0.336981768756721 0.818805047358167 0.10017537019040859
0.5 -0.336981768756721 0.818805047358167 0.10017537019040859
10 0.29278263232423196 -0.4333463120116055 -0.6010585014048839
5 0.29278263232423196 -0.4333463120116055 -0.6010585014048839
0.5 0.29278263232423196 -0.4333463120116055 -0.6010585014048839
10 0.5376096070976867 0.18778349708087666 -0.39054046032544126
5 0.5376096070976867 0.18778349708087666 -0.39054046032544126
0.5 0.5376096070976867 0.18778349708087666 -0.39054046032544126
10 0.6979923858459758 0.5455731941359772 0.1484391287671396
5 0.6979923858459758 0.5455731941359772 0.1484391287671396
0.5 0.6979923858459758 0.5455731941359772 0.1484391287671396
10 -0.03005855792581995 0.4442425491165704 0.6349115291098529
5 -0.03005855792581995 0.4442425491165704 0.6349115291098529
0.5 -0.03005855792581995 0.4442425491165704 0.6349115291098529
10 -0.28360799461364095 0.7651198088432588 0.1853726938735653
5 -0.28360799461364095 0.7651198088432588 0.1853726938735653
0.5 -0.28360799461364095 0.7651198088432588 0.1853726938735653
10 -0.19572785966117917 0.6086081428117734 -0.02646801623144424
5 -0.19572785966117917 0.6086081428117734 -0.02646801623144424
0.5 -0.19572785966117917 0.6086081428117734 -0.02646801623144424
10 0.39457882125425436 0.8026515763035158 0.4272985997581811
5 0.39457882125425436 0.8026515763035158 0.4272985997581811
0.5 0.39457882125425436 0.8026515763035158 0.4272985997581811
10 -0.2837363991469825 0.2758694595509885 -0.9146599091487787
5 -0.2837363991469825 0.2758694595509885 -0.9146599091487787
0.5 -0.2837363991469825 0.2758694595509885 -0.9146599091487787
10 -0.8206028850970443 0.07066904213347616 0.1886168064674192
5 -0.8206028850970443 0.07066904213347616 0.1886168064674192
0.5 -0.8206028850970443 0.07066904213347616 0.1886168064674192
10 -0.6757773089953292 -0.35221623783037287 -0.5585354627403565
5 -0.6757773089953292 -0.35221623783037287 -0.5585354627403565
0.5 -0.6757773089953292 -0.35221623783037287 -0.5585354627403565
10 -0.07968355391298775 -0.48353922767621665 0.3532965961548394
5 -0.07968355391298775 -0.48353922767621665 0.3532965961548394
0.5 -0.07968355391298775 -0.48353922767621665 0.3532965961548394
10 0.6494402103970219 0.5370018708243615 -0.025814886819332708
5 0.6494402103970219 0.5370018708243615 -0.025814886819332708
0.5 0.6494402103970219 0.5370018708243615 -0.025814886819332708
10 0.855143674646753 0.1276567745763301 -0.03856688278479859
5 0.855143674646753 0.1276567745763301 -0.03856688278479859
0.5 0.855143674646753 0.1276567745763301 -0.03856688278479859
10 0.659259200791405 -0.258825666510792 -0.5831587170467004
5 0.659259200791405 -0.258825666510792 -0.5831587170467004
0.5 0.659259200791405 -0.258825666510792 -0.5831587170467004
10 0.4451006436477441 -0.14065907393072175 -0.8175834695651761
5 0.4451006436477441 -0.14065907393072175 -0.8175834695651761
0.5 0.4451006436477441 -0.14065907393072175 -0.8175834695651761
10 0.7807603366181175 -0.16081128124225538 0.23556346776930617
5 0.7807603366181175 -0.16081128124225538 0.23556346776930617
0.5 0.7807603366181175 -0.16081128124225538 0.23556346776930617
10 0.15785624820056857 0.5413524764609352 0.42588376473897355
5 0.15785624820056857 0.5413524764609352 0.42588376473897355
0.5 0.15785624820056857 0.5413524764609352 0.42588376473897355
10 -0.027139381661596622 0.7704420969048975 0.16714485752854388
5 -0.027139381661596622 0.7704420969048975 0.16714485752854388
0.5 -0.027139381661596622 0.7704420969048975 0.16714485752854388
10 0.4116606704769396 -0.8101284676343737 -0.021577526044713906
5 0.4116606704769396 -0.8101284676343737 -0.021577526044713906
0.5 0.4116606704769396 -0.8101284676343737 -0.021577526044713906
10 -0.10648936257472134 0.9637184164026904 0.15244233644321448
5 -0.10648936257472134 0.9637184164026904 0.15244233644321448
0.5 -0.10648936257472134 0.9637184164026904 0.15244233644321448
10 0.531364115286882 -0.6015514869990339 -0.1654906780617371
5 0.531364115286882 -0.6015514869990339 -0.1654906780617371
0.5 0.531364115286882 -0.6015514869990339 -0.1654906780617371
10 -0.7191259808015736 -0.25784221744565006 -0.5574686193474356
5 -0.7191259808015736 -0.25784221744565006 -0.5574686193474356
0.5 -0.7191259808015736 -0.25784221744565006 -0.5574686193474356
10 0.37949639924516354 0.3601257144876646 -0.7972525538768923
5 0.37949639924516354 0.3601257144876646 -0.7972525538768923
0.5 0.37949639924516354 0.3601257144876646 -0.7972525538768923
10 -0.2095921331390022 0.6486903005183312 0.17910490743274468
5 -0.2095921331390022 0.6486903005183312 0.17910490743274468
0.5 -0.2095921331390022 0.6486903005183312 0.17910490743274468
10 0.7273804979466942 0.43466977503466864 -0.23557755389076837
5 0.7273804979466942 0.43466977503466864 -0.23557755389076837
0.5 0.7273804979466942 0.43466977503466864 -0.23557755389076837
10 0.5555796223148212 0.07166435319026478 -0.7111147383569151
5 0.5555796223148212 0.07166435319026478 -0.7111147383569151
0.5 0.5555796223148212 0.07166435319026478 -0.7111147383569151
10 -0.27519256564335154 -0.8681256885358173 0.2465362603570345
5 -0.27519256564335154 -0.8681256885358173 0.2465362603570345
0.5 -0.27519256564335154 -0.8681256885358173 0.2465362603570345
10 -0.27368974005788 0.27486015726056245 0.6207786014248388
5 -0.27368974005788 0.27486015726056245 0.6207786014248388
0.5 -0.27368974005788 0.27486015726056245 0.6207786014248388
10 -0.5157490803803956 0.6551745522358146 -0.40241463624767365
5 -0.5157490803803956 0.6551745522358146 -0.40241463624767365
0.5 -0.5157490803803956 0.6551745522358146 -0.40241463624767365
10 -0.8901876745300853 0.3885663171396874 -0.19460168470950892
5 -0.8901876745300853 0.3885663171396874 -0.19460168470950892
0.5 -0.8901876745300853 0.3885663171396874 -0.19460168470950892
10 0.10918864162965727 0.2708722777444536 -0.6018853757714221
5 0.10918864162965727 0.2708722777444536 -0.6018853757714221
0.5 0.10918864162965727 0.2708722777444536 -0.6018853757714221
10 0.9493789544921981 0.11115973219111365 0.004874978631632897
5 0.9493789544921981 0.11115973219111365 0.004874978631632897
0.5 0.9493789544921981 0.11115973219111365 0.004874978631632897
10 0.3890272509452797 -0.06876997436297178 -0.44095821993135526
5 0.3890272509452797 -0.06876997436297178 -0.44095821993135526
0.5 0.3890272509452797 -0.06876997436297178 -0.44095821993135526
10 0.015454220379555815 0.1009371691643468 0.808590328467413
5 0.015454220379555815 0.1009371691643468 0.808590328467413
0.5 0.015454220379555815 0.1009371691643468 0.808590328467413
10 0.31508321725010696 0.2804947951428763 0.866750643470802
5 0.31508321725010696 0.2804947951428763 0.866750643470802
0.5 0.31508321725010696 0.2804947951428763 0.866750643470802
10 -0.13744398477949596 0.17232796229005123 0.794055117933588
5 -0.13744398477949596 0.17232796229005123 0.794055117933588
0.5 -0.13744398477949596 0.17232796229005123 0.794055117933588
10 0.12674904367506548 -0.30434134414155223 -0.891990812657518
5 0.12674904367506548 -0.30434134414155223 -0.891990812657518
0.5 0.12674904367506548 -0.30434134414155223 -0.891990812657518
10 -0.7285318845951296 -0.5901513149339489 0.11212050959018827
5 -0.7285318845951296 -0.5901513149339489 0.11212050959018827
0.5 -0.7285318845951296 -0.5901513149339489 0.11212050959018827
10 -0.4611025100242278 0.5263741068163802 0.6754494604833927
5 -0.4611025100242278 0.5263741068163802 0.6754494604833927
0.5 -0.4611025100242278 0.5263741068163802 0.6754494604833927
10 -0.3552146264402182 -0.07669103680313631 0.8804332531637584
5 -0.3552146264402182 -0.07669103680313631 0.8804332531637584
0.5 -0.3552146264402182 -0.07669103680313631 0.8804332531637584
10 -0.47550657590400414 0.2916226568574965 0.11022109132065731
5 -0.47550657590400414 0.2916226568574965 0.11022109132065731
0.5 -0.47550657590400414 0.2916226568574965 0.11022109132065731
10 0.2766647438998159 -0.6813438045381162 0.5024094250632282
5 0.2766647438998159 -0.6813438045381162 0.5024094250632282
0.5 0.2766647438998159 -0.6813438045381162 0.5024094250632282
10 0.5403553621085593 0.11788882581429844 0.7970508949589584
5 0.5403553621085593 0.11788882581429844 0.7970508949589584
0.5 0.5403553621085593 0.11788882581429844 0.7970508949589584
10 0.635388665028253 0.03536868680446486 -0.3676291163950905
5 0.635388665028253 0.03536868680446486 -0.3676291163950905
0.5 0.635388665028253 0.03536868680446486 -0.3676291163950905
10 0.6625226471616346 -0.30859127930500163 -0.2376463433843974
5 0.6625226471616346 -0.30859127930500163 -0.2376463433843974
0.5 0.6625226471616346 -0.30859127930500163 -0.2376463433843974
10 -0.09136765029945515 0.6065304715155958 0.30989544704277416
5 -0.09136765029945515 0.6065304715155958 0.30989544704277416
0.5 -0.09136765029945515 0.6065304715155958 0.30989544704277416
10 -0.8169078484795296 -0.05458287993583846 -0.019200647927172004
5 -0.8169078484795296 -0.05458287993583846 -0.019200647927172004
0.5 -0.8169078484795296 -0.05458287993583846 -0.019200647927172004
10 0.31597673741148874 0.625056788089521 0.18463552168124328
5 0.31597673741148874 0.625056788089521 0.18463552168124328
0.5 0.31597673741148874 0.625056788089521 0.18463552168124328
10 0.4991577276374392 -0.06862072008202379 0.30870515705494206
5 0.4991577276374392 -0.06862072008202379 0.30870515705494206
0.5 0.4991577276374392 -0.06862072008202379 0.30870515705494206
10 -0.3252764702139463 0.36620746899653234 -0.7590697314772731
5 -0.3252764702139463 0.36620746899653234 -0.7590697314772731
0.5 -0.3252764702139463 0.36620746899653234 -0.7590697314772731
10 -0.7513278307733072 -0.30829953741976585 0.31984674567958343
5 -0.7513278307733072 -0.30829953741976585 0.31984674567958343
0.5 -0.7513278307733072 -0.30829953741976585 0.31984674567958343
10 0.5988262597858967 0.5702207287167852 -0.42922281247223254
5 0.5988262597858967 0.5702207287167852 -0.42922281247223254
0.5 0.5988262597858967 0.5702207287167852 -0.42922281247223254
10 -0.9089980747916896 0.23668995647430557 -0.07504522423372369
5 -0.9089980747916896 0.23668995647430557 -0.07504522423372369
0.5 -0.9089980747916896 0.23668995647430557 -0.07504522423372369
10 -0.44299394737476905 -0.4606658670377169 0.4599204955579643
5 -0.44299394737476905 -0.4606658670377169 0.4599204955579643
0.5 -0.44299394737476905 -0.4606658670377169 0.4599204955579643
10 -0.42691862469814584 -0.44072754073840475 0.4624682798853501
5 -0.42691862469814584 -0.44072754073840475 0.4624682798853501
0.5 -0.42691862469814584 -0.44072754073840475 0.4624682798853501
10 -0.6692270591206213 0.696476474140995 -0.10512096941703061
5 -0.6692270591206213 0.696476474140995 -0.10512096941703061
0.5 -0.6692270591206213 0.696476474140995 -0.10512096941703061
10 -0.22114718189901708 0.26363739463620817 0.8451732361922747
5 -0.22114718189901708 0.26363739463620817 0.8451732361922747
0.5 -0.22114718189901708 0.26363739463620817 0.8451732361922747
10 -0.03855784663663384 -0.07710115458021374 0.1162316792790693
5 -0.03855784663663384 -0.07710115458021374 0.1162316792790693
0.5 -0.03855784663663384 -0.07710115458021374 0.1162316792790693
10 0.3737933481352148 0.6944345058553024 0.5625891990638111
5 0.3737933481352148 0.6944345058553024 0.5625891990638111
0.5 0.3737933481352148 0.6944345058553024 0.5625891990638111
10 -0.15697105086041507 0.5904177318087885 -0.6982471918070641
5 -0.15697105086041507 0.5904177318087885 -0.6982471918070641
0.5 -0.15697105086041507 0.5904177318087885 -0.6982471918070641
